972
948
961
906
916
924
853
906
891
728
917
959
735
364
803
925
924
700
660
897
885
911
871
378
675
953
922
836
772
910
934
909
670
936
866
902
581
864
850
949
776
954
920
934
847
880
890
934
892
933
852
775
771
683
951
816
668
755
948
906
828
783
766
933
944
928
779
878
803
848
768
903
931
745
906
910
818
783
902
956
849
925
912
926
875
815
928
827
814
908
657
848
774
572
663
762
830
910
814
806
894
917
902
832
845
657
895
930
859
919
878
770
700
768
938
875
934
905
811
900
894
969
911
889
700
884
903
866
921
929
960
848
681
859
719
782
964
912
906
842
961
683
844
933
909
965
863
769
908
846
647
721
729
820
930
855
939
938
940
936
574
775
899
482
909
644
823
931
917
902
752
917
655
866
923
924
936
838
942
899
942
882
625
730
750
736
902
656
926
879
910
485
842
913
747
897
743
768
972
945
